SimulationTime 20
SimulationStepTime 1
Conductivity 25
Alfa 300
Tot 1200
InitialTemp 100
Density 7800
SpecificHeat 700
Nodes number 961
Elements number 900
      1,  0.100000001, 0.00499999989
      2, 0.0966666639, 0.00499999989
      3, 0.0933333337, 0.00499999989
      4, 0.0900000036, 0.00499999989
      5,  0.086666666, 0.00499999989
      6, 0.0833333358, 0.00499999989
      7, 0.0799999982, 0.00499999989
      8, 0.0766666681, 0.00499999989
      9, 0.0733333305, 0.00499999989
     10, 0.0700000003, 0.00499999989
     11, 0.0666666701, 0.00499999989
     12, 0.0633333325, 0.00499999989
     13, 0.0599999987, 0.00499999989
     14, 0.0566666685, 0.00499999989
     15, 0.0533333346, 0.00499999989
     16, 0.0500000007, 0.00499999989
     17, 0.0466666669, 0.00499999989
     18,  0.043333333, 0.00499999989
     19, 0.0399999991, 0.00499999989
     20, 0.0366666652, 0.00499999989
     21, 0.0333333351, 0.00499999989
     22, 0.0299999993, 0.00499999989
     23, 0.0266666673, 0.00499999989
     24, 0.0233333334, 0.00499999989
     25, 0.0199999996, 0.00499999989
     26, 0.0166666675, 0.00499999989
     27, 0.0133333337, 0.00499999989
     28, 0.00999999978, 0.00499999989
     29, 0.00666666683, 0.00499999989
     30, 0.00333333341, 0.00499999989
     31,           0., 0.00499999989
     32,  0.100000001, 0.00166666671
     33, 0.0966666639, 0.00166666671
     34, 0.0933333337, 0.00166666671
     35, 0.0900000036, 0.00166666671
     36,  0.086666666, 0.00166666671
     37, 0.0833333358, 0.00166666671
     38, 0.0799999982, 0.00166666671
     39, 0.0766666681, 0.00166666671
     40, 0.0733333305, 0.00166666671
     41, 0.0700000003, 0.00166666671
     42, 0.0666666701, 0.00166666671
     43, 0.0633333325, 0.00166666671
     44, 0.0599999987, 0.00166666671
     45, 0.0566666685, 0.00166666671
     46, 0.0533333346, 0.00166666671
     47, 0.0500000007, 0.00166666671
     48, 0.0466666669, 0.00166666671
     49,  0.043333333, 0.00166666671
     50, 0.0399999991, 0.00166666671
     51, 0.0366666652, 0.00166666671
     52, 0.0333333351, 0.00166666671
     53, 0.0299999993, 0.00166666671
     54, 0.0266666673, 0.00166666671
     55, 0.0233333334, 0.00166666671
     56, 0.0199999996, 0.00166666671
     57, 0.0166666675, 0.00166666671
     58, 0.0133333337, 0.00166666671
     59, 0.00999999978, 0.00166666671
     60, 0.00666666683, 0.00166666671
     61, 0.00333333341, 0.00166666671
     62,           0., 0.00166666671
     63,  0.100000001, -0.00166666671
     64, 0.0966666639, -0.00166666671
     65, 0.0933333337, -0.00166666671
     66, 0.0900000036, -0.00166666671
     67,  0.086666666, -0.00166666671
     68, 0.0833333358, -0.00166666671
     69, 0.0799999982, -0.00166666671
     70, 0.0766666681, -0.00166666671
     71, 0.0733333305, -0.00166666671
     72, 0.0700000003, -0.00166666671
     73, 0.0666666701, -0.00166666671
     74, 0.0633333325, -0.00166666671
     75, 0.0599999987, -0.00166666671
     76, 0.0566666685, -0.00166666671
     77, 0.0533333346, -0.00166666671
     78, 0.0500000007, -0.00166666671
     79, 0.0466666669, -0.00166666671
     80,  0.043333333, -0.00166666671
     81, 0.0399999991, -0.00166666671
     82, 0.0366666652, -0.00166666671
     83, 0.0333333351, -0.00166666671
     84, 0.0299999993, -0.00166666671
     85, 0.0266666673, -0.00166666671
     86, 0.0233333334, -0.00166666671
     87, 0.0199999996, -0.00166666671
     88, 0.0166666675, -0.00166666671
     89, 0.0133333337, -0.00166666671
     90, 0.00999999978, -0.00166666671
     91, 0.00666666683, -0.00166666671
     92, 0.00333333341, -0.00166666671
     93,           0., -0.00166666671
     94,  0.100000001, -0.00499999989
     95, 0.0966666639, -0.00499999989
     96, 0.0933333337, -0.00499999989
     97, 0.0900000036, -0.00499999989
     98,  0.086666666, -0.00499999989
     99, 0.0833333358, -0.00499999989
    100, 0.0799999982, -0.00499999989
    101, 0.0766666681, -0.00499999989
    102, 0.0733333305, -0.00499999989
    103, 0.0700000003, -0.00499999989
    104, 0.0666666701, -0.00499999989
    105, 0.0633333325, -0.00499999989
    106, 0.0599999987, -0.00499999989
    107, 0.0566666685, -0.00499999989
    108, 0.0533333346, -0.00499999989
    109, 0.0500000007, -0.00499999989
    110, 0.0466666669, -0.00499999989
    111,  0.043333333, -0.00499999989
    112, 0.0399999991, -0.00499999989
    113, 0.0366666652, -0.00499999989
    114, 0.0333333351, -0.00499999989
    115, 0.0299999993, -0.00499999989
    116, 0.0266666673, -0.00499999989
    117, 0.0233333334, -0.00499999989
    118, 0.0199999996, -0.00499999989
    119, 0.0166666675, -0.00499999989
    120, 0.0133333337, -0.00499999989
    121, 0.00999999978, -0.00499999989
    122, 0.00666666683, -0.00499999989
    123, 0.00333333341, -0.00499999989
    124,           0., -0.00499999989
    125,  0.100000001, -0.00833333377
    126, 0.0966666639, -0.00833333377
    127, 0.0933333337, -0.00833333377
    128, 0.0900000036, -0.00833333377
    129,  0.086666666, -0.00833333377
    130, 0.0833333358, -0.00833333377
    131, 0.0799999982, -0.00833333377
    132, 0.0766666681, -0.00833333377
    133, 0.0733333305, -0.00833333377
    134, 0.0700000003, -0.00833333377
    135, 0.0666666701, -0.00833333377
    136, 0.0633333325, -0.00833333377
    137, 0.0599999987, -0.00833333377
    138, 0.0566666685, -0.00833333377
    139, 0.0533333346, -0.00833333377
    140, 0.0500000007, -0.00833333377
    141, 0.0466666669, -0.00833333377
    142,  0.043333333, -0.00833333377
    143, 0.0399999991, -0.00833333377
    144, 0.0366666652, -0.00833333377
    145, 0.0333333351, -0.00833333377
    146, 0.0299999993, -0.00833333377
    147, 0.0266666673, -0.00833333377
    148, 0.0233333334, -0.00833333377
    149, 0.0199999996, -0.00833333377
    150, 0.0166666675, -0.00833333377
    151, 0.0133333337, -0.00833333377
    152, 0.00999999978, -0.00833333377
    153, 0.00666666683, -0.00833333377
    154, 0.00333333341, -0.00833333377
    155,           0., -0.00833333377
    156,  0.100000001, -0.0116666667
    157, 0.0966666639, -0.0116666667
    158, 0.0933333337, -0.0116666667
    159, 0.0900000036, -0.0116666667
    160,  0.086666666, -0.0116666667
    161, 0.0833333358, -0.0116666667
    162, 0.0799999982, -0.0116666667
    163, 0.0766666681, -0.0116666667
    164, 0.0733333305, -0.0116666667
    165, 0.0700000003, -0.0116666667
    166, 0.0666666701, -0.0116666667
    167, 0.0633333325, -0.0116666667
    168, 0.0599999987, -0.0116666667
    169, 0.0566666685, -0.0116666667
    170, 0.0533333346, -0.0116666667
    171, 0.0500000007, -0.0116666667
    172, 0.0466666669, -0.0116666667
    173,  0.043333333, -0.0116666667
    174, 0.0399999991, -0.0116666667
    175, 0.0366666652, -0.0116666667
    176, 0.0333333351, -0.0116666667
    177, 0.0299999993, -0.0116666667
    178, 0.0266666673, -0.0116666667
    179, 0.0233333334, -0.0116666667
    180, 0.0199999996, -0.0116666667
    181, 0.0166666675, -0.0116666667
    182, 0.0133333337, -0.0116666667
    183, 0.00999999978, -0.0116666667
    184, 0.00666666683, -0.0116666667
    185, 0.00333333341, -0.0116666667
    186,           0., -0.0116666667
    187,  0.100000001, -0.0149999997
    188, 0.0966666639, -0.0149999997
    189, 0.0933333337, -0.0149999997
    190, 0.0900000036, -0.0149999997
    191,  0.086666666, -0.0149999997
    192, 0.0833333358, -0.0149999997
    193, 0.0799999982, -0.0149999997
    194, 0.0766666681, -0.0149999997
    195, 0.0733333305, -0.0149999997
    196, 0.0700000003, -0.0149999997
    197, 0.0666666701, -0.0149999997
    198, 0.0633333325, -0.0149999997
    199, 0.0599999987, -0.0149999997
    200, 0.0566666685, -0.0149999997
    201, 0.0533333346, -0.0149999997
    202, 0.0500000007, -0.0149999997
    203, 0.0466666669, -0.0149999997
    204,  0.043333333, -0.0149999997
    205, 0.0399999991, -0.0149999997
    206, 0.0366666652, -0.0149999997
    207, 0.0333333351, -0.0149999997
    208, 0.0299999993, -0.0149999997
    209, 0.0266666673, -0.0149999997
    210, 0.0233333334, -0.0149999997
    211, 0.0199999996, -0.0149999997
    212, 0.0166666675, -0.0149999997
    213, 0.0133333337, -0.0149999997
    214, 0.00999999978, -0.0149999997
    215, 0.00666666683, -0.0149999997
    216, 0.00333333341, -0.0149999997
    217,           0., -0.0149999997
    218,  0.100000001, -0.0183333326
    219, 0.0966666639, -0.0183333326
    220, 0.0933333337, -0.0183333326
    221, 0.0900000036, -0.0183333326
    222,  0.086666666, -0.0183333326
    223, 0.0833333358, -0.0183333326
    224, 0.0799999982, -0.0183333326
    225, 0.0766666681, -0.0183333326
    226, 0.0733333305, -0.0183333326
    227, 0.0700000003, -0.0183333326
    228, 0.0666666701, -0.0183333326
    229, 0.0633333325, -0.0183333326
    230, 0.0599999987, -0.0183333326
    231, 0.0566666685, -0.0183333326
    232, 0.0533333346, -0.0183333326
    233, 0.0500000007, -0.0183333326
    234, 0.0466666669, -0.0183333326
    235,  0.043333333, -0.0183333326
    236, 0.0399999991, -0.0183333326
    237, 0.0366666652, -0.0183333326
    238, 0.0333333351, -0.0183333326
    239, 0.0299999993, -0.0183333326
    240, 0.0266666673, -0.0183333326
    241, 0.0233333334, -0.0183333326
    242, 0.0199999996, -0.0183333326
    243, 0.0166666675, -0.0183333326
    244, 0.0133333337, -0.0183333326
    245, 0.00999999978, -0.0183333326
    246, 0.00666666683, -0.0183333326
    247, 0.00333333341, -0.0183333326
    248,           0., -0.0183333326
    249,  0.100000001, -0.0216666665
    250, 0.0966666639, -0.0216666665
    251, 0.0933333337, -0.0216666665
    252, 0.0900000036, -0.0216666665
    253,  0.086666666, -0.0216666665
    254, 0.0833333358, -0.0216666665
    255, 0.0799999982, -0.0216666665
    256, 0.0766666681, -0.0216666665
    257, 0.0733333305, -0.0216666665
    258, 0.0700000003, -0.0216666665
    259, 0.0666666701, -0.0216666665
    260, 0.0633333325, -0.0216666665
    261, 0.0599999987, -0.0216666665
    262, 0.0566666685, -0.0216666665
    263, 0.0533333346, -0.0216666665
    264, 0.0500000007, -0.0216666665
    265, 0.0466666669, -0.0216666665
    266,  0.043333333, -0.0216666665
    267, 0.0399999991, -0.0216666665
    268, 0.0366666652, -0.0216666665
    269, 0.0333333351, -0.0216666665
    270, 0.0299999993, -0.0216666665
    271, 0.0266666673, -0.0216666665
    272, 0.0233333334, -0.0216666665
    273, 0.0199999996, -0.0216666665
    274, 0.0166666675, -0.0216666665
    275, 0.0133333337, -0.0216666665
    276, 0.00999999978, -0.0216666665
    277, 0.00666666683, -0.0216666665
    278, 0.00333333341, -0.0216666665
    279,           0., -0.0216666665
    280,  0.100000001, -0.0250000004
    281, 0.0966666639, -0.0250000004
    282, 0.0933333337, -0.0250000004
    283, 0.0900000036, -0.0250000004
    284,  0.086666666, -0.0250000004
    285, 0.0833333358, -0.0250000004
    286, 0.0799999982, -0.0250000004
    287, 0.0766666681, -0.0250000004
    288, 0.0733333305, -0.0250000004
    289, 0.0700000003, -0.0250000004
    290, 0.0666666701, -0.0250000004
    291, 0.0633333325, -0.0250000004
    292, 0.0599999987, -0.0250000004
    293, 0.0566666685, -0.0250000004
    294, 0.0533333346, -0.0250000004
    295, 0.0500000007, -0.0250000004
    296, 0.0466666669, -0.0250000004
    297,  0.043333333, -0.0250000004
    298, 0.0399999991, -0.0250000004
    299, 0.0366666652, -0.0250000004
    300, 0.0333333351, -0.0250000004
    301, 0.0299999993, -0.0250000004
    302, 0.0266666673, -0.0250000004
    303, 0.0233333334, -0.0250000004
    304, 0.0199999996, -0.0250000004
    305, 0.0166666675, -0.0250000004
    306, 0.0133333337, -0.0250000004
    307, 0.00999999978, -0.0250000004
    308, 0.00666666683, -0.0250000004
    309, 0.00333333341, -0.0250000004
    310,           0., -0.0250000004
    311,  0.100000001, -0.0283333343
    312, 0.0966666639, -0.0283333343
    313, 0.0933333337, -0.0283333343
    314, 0.0900000036, -0.0283333343
    315,  0.086666666, -0.0283333343
    316, 0.0833333358, -0.0283333343
    317, 0.0799999982, -0.0283333343
    318, 0.0766666681, -0.0283333343
    319, 0.0733333305, -0.0283333343
    320, 0.0700000003, -0.0283333343
    321, 0.0666666701, -0.0283333343
    322, 0.0633333325, -0.0283333343
    323, 0.0599999987, -0.0283333343
    324, 0.0566666685, -0.0283333343
    325, 0.0533333346, -0.0283333343
    326, 0.0500000007, -0.0283333343
    327, 0.0466666669, -0.0283333343
    328,  0.043333333, -0.0283333343
    329, 0.0399999991, -0.0283333343
    330, 0.0366666652, -0.0283333343
    331, 0.0333333351, -0.0283333343
    332, 0.0299999993, -0.0283333343
    333, 0.0266666673, -0.0283333343
    334, 0.0233333334, -0.0283333343
    335, 0.0199999996, -0.0283333343
    336, 0.0166666675, -0.0283333343
    337, 0.0133333337, -0.0283333343
    338, 0.00999999978, -0.0283333343
    339, 0.00666666683, -0.0283333343
    340, 0.00333333341, -0.0283333343
    341,           0., -0.0283333343
    342,  0.100000001, -0.0316666663
    343, 0.0966666639, -0.0316666663
    344, 0.0933333337, -0.0316666663
    345, 0.0900000036, -0.0316666663
    346,  0.086666666, -0.0316666663
    347, 0.0833333358, -0.0316666663
    348, 0.0799999982, -0.0316666663
    349, 0.0766666681, -0.0316666663
    350, 0.0733333305, -0.0316666663
    351, 0.0700000003, -0.0316666663
    352, 0.0666666701, -0.0316666663
    353, 0.0633333325, -0.0316666663
    354, 0.0599999987, -0.0316666663
    355, 0.0566666685, -0.0316666663
    356, 0.0533333346, -0.0316666663
    357, 0.0500000007, -0.0316666663
    358, 0.0466666669, -0.0316666663
    359,  0.043333333, -0.0316666663
    360, 0.0399999991, -0.0316666663
    361, 0.0366666652, -0.0316666663
    362, 0.0333333351, -0.0316666663
    363, 0.0299999993, -0.0316666663
    364, 0.0266666673, -0.0316666663
    365, 0.0233333334, -0.0316666663
    366, 0.0199999996, -0.0316666663
    367, 0.0166666675, -0.0316666663
    368, 0.0133333337, -0.0316666663
    369, 0.00999999978, -0.0316666663
    370, 0.00666666683, -0.0316666663
    371, 0.00333333341, -0.0316666663
    372,           0., -0.0316666663
    373,  0.100000001, -0.0350000001
    374, 0.0966666639, -0.0350000001
    375, 0.0933333337, -0.0350000001
    376, 0.0900000036, -0.0350000001
    377,  0.086666666, -0.0350000001
    378, 0.0833333358, -0.0350000001
    379, 0.0799999982, -0.0350000001
    380, 0.0766666681, -0.0350000001
    381, 0.0733333305, -0.0350000001
    382, 0.0700000003, -0.0350000001
    383, 0.0666666701, -0.0350000001
    384, 0.0633333325, -0.0350000001
    385, 0.0599999987, -0.0350000001
    386, 0.0566666685, -0.0350000001
    387, 0.0533333346, -0.0350000001
    388, 0.0500000007, -0.0350000001
    389, 0.0466666669, -0.0350000001
    390,  0.043333333, -0.0350000001
    391, 0.0399999991, -0.0350000001
    392, 0.0366666652, -0.0350000001
    393, 0.0333333351, -0.0350000001
    394, 0.0299999993, -0.0350000001
    395, 0.0266666673, -0.0350000001
    396, 0.0233333334, -0.0350000001
    397, 0.0199999996, -0.0350000001
    398, 0.0166666675, -0.0350000001
    399, 0.0133333337, -0.0350000001
    400, 0.00999999978, -0.0350000001
    401, 0.00666666683, -0.0350000001
    402, 0.00333333341, -0.0350000001
    403,           0., -0.0350000001
    404,  0.100000001, -0.038333334
    405, 0.0966666639, -0.038333334
    406, 0.0933333337, -0.038333334
    407, 0.0900000036, -0.038333334
    408,  0.086666666, -0.038333334
    409, 0.0833333358, -0.038333334
    410, 0.0799999982, -0.038333334
    411, 0.0766666681, -0.038333334
    412, 0.0733333305, -0.038333334
    413, 0.0700000003, -0.038333334
    414, 0.0666666701, -0.038333334
    415, 0.0633333325, -0.038333334
    416, 0.0599999987, -0.038333334
    417, 0.0566666685, -0.038333334
    418, 0.0533333346, -0.038333334
    419, 0.0500000007, -0.038333334
    420, 0.0466666669, -0.038333334
    421,  0.043333333, -0.038333334
    422, 0.0399999991, -0.038333334
    423, 0.0366666652, -0.038333334
    424, 0.0333333351, -0.038333334
    425, 0.0299999993, -0.038333334
    426, 0.0266666673, -0.038333334
    427, 0.0233333334, -0.038333334
    428, 0.0199999996, -0.038333334
    429, 0.0166666675, -0.038333334
    430, 0.0133333337, -0.038333334
    431, 0.00999999978, -0.038333334
    432, 0.00666666683, -0.038333334
    433, 0.00333333341, -0.038333334
    434,           0., -0.038333334
    435,  0.100000001, -0.0416666679
    436, 0.0966666639, -0.0416666679
    437, 0.0933333337, -0.0416666679
    438, 0.0900000036, -0.0416666679
    439,  0.086666666, -0.0416666679
    440, 0.0833333358, -0.0416666679
    441, 0.0799999982, -0.0416666679
    442, 0.0766666681, -0.0416666679
    443, 0.0733333305, -0.0416666679
    444, 0.0700000003, -0.0416666679
    445, 0.0666666701, -0.0416666679
    446, 0.0633333325, -0.0416666679
    447, 0.0599999987, -0.0416666679
    448, 0.0566666685, -0.0416666679
    449, 0.0533333346, -0.0416666679
    450, 0.0500000007, -0.0416666679
    451, 0.0466666669, -0.0416666679
    452,  0.043333333, -0.0416666679
    453, 0.0399999991, -0.0416666679
    454, 0.0366666652, -0.0416666679
    455, 0.0333333351, -0.0416666679
    456, 0.0299999993, -0.0416666679
    457, 0.0266666673, -0.0416666679
    458, 0.0233333334, -0.0416666679
    459, 0.0199999996, -0.0416666679
    460, 0.0166666675, -0.0416666679
    461, 0.0133333337, -0.0416666679
    462, 0.00999999978, -0.0416666679
    463, 0.00666666683, -0.0416666679
    464, 0.00333333341, -0.0416666679
    465,           0., -0.0416666679
    466,  0.100000001, -0.0450000018
    467, 0.0966666639, -0.0450000018
    468, 0.0933333337, -0.0450000018
    469, 0.0900000036, -0.0450000018
    470,  0.086666666, -0.0450000018
    471, 0.0833333358, -0.0450000018
    472, 0.0799999982, -0.0450000018
    473, 0.0766666681, -0.0450000018
    474, 0.0733333305, -0.0450000018
    475, 0.0700000003, -0.0450000018
    476, 0.0666666701, -0.0450000018
    477, 0.0633333325, -0.0450000018
    478, 0.0599999987, -0.0450000018
    479, 0.0566666685, -0.0450000018
    480, 0.0533333346, -0.0450000018
    481, 0.0500000007, -0.0450000018
    482, 0.0466666669, -0.0450000018
    483,  0.043333333, -0.0450000018
    484, 0.0399999991, -0.0450000018
    485, 0.0366666652, -0.0450000018
    486, 0.0333333351, -0.0450000018
    487, 0.0299999993, -0.0450000018
    488, 0.0266666673, -0.0450000018
    489, 0.0233333334, -0.0450000018
    490, 0.0199999996, -0.0450000018
    491, 0.0166666675, -0.0450000018
    492, 0.0133333337, -0.0450000018
    493, 0.00999999978, -0.0450000018
    494, 0.00666666683, -0.0450000018
    495, 0.00333333341, -0.0450000018
    496,           0., -0.0450000018
    497,  0.100000001, -0.0483333319
    498, 0.0966666639, -0.0483333319
    499, 0.0933333337, -0.0483333319
    500, 0.0900000036, -0.0483333319
    501,  0.086666666, -0.0483333319
    502, 0.0833333358, -0.0483333319
    503, 0.0799999982, -0.0483333319
    504, 0.0766666681, -0.0483333319
    505, 0.0733333305, -0.0483333319
    506, 0.0700000003, -0.0483333319
    507, 0.0666666701, -0.0483333319
    508, 0.0633333325, -0.0483333319
    509, 0.0599999987, -0.0483333319
    510, 0.0566666685, -0.0483333319
    511, 0.0533333346, -0.0483333319
    512, 0.0500000007, -0.0483333319
    513, 0.0466666669, -0.0483333319
    514,  0.043333333, -0.0483333319
    515, 0.0399999991, -0.0483333319
    516, 0.0366666652, -0.0483333319
    517, 0.0333333351, -0.0483333319
    518, 0.0299999993, -0.0483333319
    519, 0.0266666673, -0.0483333319
    520, 0.0233333334, -0.0483333319
    521, 0.0199999996, -0.0483333319
    522, 0.0166666675, -0.0483333319
    523, 0.0133333337, -0.0483333319
    524, 0.00999999978, -0.0483333319
    525, 0.00666666683, -0.0483333319
    526, 0.00333333341, -0.0483333319
    527,           0., -0.0483333319
    528,  0.100000001, -0.0516666658
    529, 0.0966666639, -0.0516666658
    530, 0.0933333337, -0.0516666658
    531, 0.0900000036, -0.0516666658
    532,  0.086666666, -0.0516666658
    533, 0.0833333358, -0.0516666658
    534, 0.0799999982, -0.0516666658
    535, 0.0766666681, -0.0516666658
    536, 0.0733333305, -0.0516666658
    537, 0.0700000003, -0.0516666658
    538, 0.0666666701, -0.0516666658
    539, 0.0633333325, -0.0516666658
    540, 0.0599999987, -0.0516666658
    541, 0.0566666685, -0.0516666658
    542, 0.0533333346, -0.0516666658
    543, 0.0500000007, -0.0516666658
    544, 0.0466666669, -0.0516666658
    545,  0.043333333, -0.0516666658
    546, 0.0399999991, -0.0516666658
    547, 0.0366666652, -0.0516666658
    548, 0.0333333351, -0.0516666658
    549, 0.0299999993, -0.0516666658
    550, 0.0266666673, -0.0516666658
    551, 0.0233333334, -0.0516666658
    552, 0.0199999996, -0.0516666658
    553, 0.0166666675, -0.0516666658
    554, 0.0133333337, -0.0516666658
    555, 0.00999999978, -0.0516666658
    556, 0.00666666683, -0.0516666658
    557, 0.00333333341, -0.0516666658
    558,           0., -0.0516666658
    559,  0.100000001, -0.0549999997
    560, 0.0966666639, -0.0549999997
    561, 0.0933333337, -0.0549999997
    562, 0.0900000036, -0.0549999997
    563,  0.086666666, -0.0549999997
    564, 0.0833333358, -0.0549999997
    565, 0.0799999982, -0.0549999997
    566, 0.0766666681, -0.0549999997
    567, 0.0733333305, -0.0549999997
    568, 0.0700000003, -0.0549999997
    569, 0.0666666701, -0.0549999997
    570, 0.0633333325, -0.0549999997
    571, 0.0599999987, -0.0549999997
    572, 0.0566666685, -0.0549999997
    573, 0.0533333346, -0.0549999997
    574, 0.0500000007, -0.0549999997
    575, 0.0466666669, -0.0549999997
    576,  0.043333333, -0.0549999997
    577, 0.0399999991, -0.0549999997
    578, 0.0366666652, -0.0549999997
    579, 0.0333333351, -0.0549999997
    580, 0.0299999993, -0.0549999997
    581, 0.0266666673, -0.0549999997
    582, 0.0233333334, -0.0549999997
    583, 0.0199999996, -0.0549999997
    584, 0.0166666675, -0.0549999997
    585, 0.0133333337, -0.0549999997
    586, 0.00999999978, -0.0549999997
    587, 0.00666666683, -0.0549999997
    588, 0.00333333341, -0.0549999997
    589,           0., -0.0549999997
    590,  0.100000001, -0.0583333336
    591, 0.0966666639, -0.0583333336
    592, 0.0933333337, -0.0583333336
    593, 0.0900000036, -0.0583333336
    594,  0.086666666, -0.0583333336
    595, 0.0833333358, -0.0583333336
    596, 0.0799999982, -0.0583333336
    597, 0.0766666681, -0.0583333336
    598, 0.0733333305, -0.0583333336
    599, 0.0700000003, -0.0583333336
    600, 0.0666666701, -0.0583333336
    601, 0.0633333325, -0.0583333336
    602, 0.0599999987, -0.0583333336
    603, 0.0566666685, -0.0583333336
    604, 0.0533333346, -0.0583333336
    605, 0.0500000007, -0.0583333336
    606, 0.0466666669, -0.0583333336
    607,  0.043333333, -0.0583333336
    608, 0.0399999991, -0.0583333336
    609, 0.0366666652, -0.0583333336
    610, 0.0333333351, -0.0583333336
    611, 0.0299999993, -0.0583333336
    612, 0.0266666673, -0.0583333336
    613, 0.0233333334, -0.0583333336
    614, 0.0199999996, -0.0583333336
    615, 0.0166666675, -0.0583333336
    616, 0.0133333337, -0.0583333336
    617, 0.00999999978, -0.0583333336
    618, 0.00666666683, -0.0583333336
    619, 0.00333333341, -0.0583333336
    620,           0., -0.0583333336
    621,  0.100000001, -0.0616666675
    622, 0.0966666639, -0.0616666675
    623, 0.0933333337, -0.0616666675
    624, 0.0900000036, -0.0616666675
    625,  0.086666666, -0.0616666675
    626, 0.0833333358, -0.0616666675
    627, 0.0799999982, -0.0616666675
    628, 0.0766666681, -0.0616666675
    629, 0.0733333305, -0.0616666675
    630, 0.0700000003, -0.0616666675
    631, 0.0666666701, -0.0616666675
    632, 0.0633333325, -0.0616666675
    633, 0.0599999987, -0.0616666675
    634, 0.0566666685, -0.0616666675
    635, 0.0533333346, -0.0616666675
    636, 0.0500000007, -0.0616666675
    637, 0.0466666669, -0.0616666675
    638,  0.043333333, -0.0616666675
    639, 0.0399999991, -0.0616666675
    640, 0.0366666652, -0.0616666675
    641, 0.0333333351, -0.0616666675
    642, 0.0299999993, -0.0616666675
    643, 0.0266666673, -0.0616666675
    644, 0.0233333334, -0.0616666675
    645, 0.0199999996, -0.0616666675
    646, 0.0166666675, -0.0616666675
    647, 0.0133333337, -0.0616666675
    648, 0.00999999978, -0.0616666675
    649, 0.00666666683, -0.0616666675
    650, 0.00333333341, -0.0616666675
    651,           0., -0.0616666675
    652,  0.100000001, -0.0649999976
    653, 0.0966666639, -0.0649999976
    654, 0.0933333337, -0.0649999976
    655, 0.0900000036, -0.0649999976
    656,  0.086666666, -0.0649999976
    657, 0.0833333358, -0.0649999976
    658, 0.0799999982, -0.0649999976
    659, 0.0766666681, -0.0649999976
    660, 0.0733333305, -0.0649999976
    661, 0.0700000003, -0.0649999976
    662, 0.0666666701, -0.0649999976
    663, 0.0633333325, -0.0649999976
    664, 0.0599999987, -0.0649999976
    665, 0.0566666685, -0.0649999976
    666, 0.0533333346, -0.0649999976
    667, 0.0500000007, -0.0649999976
    668, 0.0466666669, -0.0649999976
    669,  0.043333333, -0.0649999976
    670, 0.0399999991, -0.0649999976
    671, 0.0366666652, -0.0649999976
    672, 0.0333333351, -0.0649999976
    673, 0.0299999993, -0.0649999976
    674, 0.0266666673, -0.0649999976
    675, 0.0233333334, -0.0649999976
    676, 0.0199999996, -0.0649999976
    677, 0.0166666675, -0.0649999976
    678, 0.0133333337, -0.0649999976
    679, 0.00999999978, -0.0649999976
    680, 0.00666666683, -0.0649999976
    681, 0.00333333341, -0.0649999976
    682,           0., -0.0649999976
    683,  0.100000001, -0.0683333352
    684, 0.0966666639, -0.0683333352
    685, 0.0933333337, -0.0683333352
    686, 0.0900000036, -0.0683333352
    687,  0.086666666, -0.0683333352
    688, 0.0833333358, -0.0683333352
    689, 0.0799999982, -0.0683333352
    690, 0.0766666681, -0.0683333352
    691, 0.0733333305, -0.0683333352
    692, 0.0700000003, -0.0683333352
    693, 0.0666666701, -0.0683333352
    694, 0.0633333325, -0.0683333352
    695, 0.0599999987, -0.0683333352
    696, 0.0566666685, -0.0683333352
    697, 0.0533333346, -0.0683333352
    698, 0.0500000007, -0.0683333352
    699, 0.0466666669, -0.0683333352
    700,  0.043333333, -0.0683333352
    701, 0.0399999991, -0.0683333352
    702, 0.0366666652, -0.0683333352
    703, 0.0333333351, -0.0683333352
    704, 0.0299999993, -0.0683333352
    705, 0.0266666673, -0.0683333352
    706, 0.0233333334, -0.0683333352
    707, 0.0199999996, -0.0683333352
    708, 0.0166666675, -0.0683333352
    709, 0.0133333337, -0.0683333352
    710, 0.00999999978, -0.0683333352
    711, 0.00666666683, -0.0683333352
    712, 0.00333333341, -0.0683333352
    713,           0., -0.0683333352
    714,  0.100000001, -0.0716666654
    715, 0.0966666639, -0.0716666654
    716, 0.0933333337, -0.0716666654
    717, 0.0900000036, -0.0716666654
    718,  0.086666666, -0.0716666654
    719, 0.0833333358, -0.0716666654
    720, 0.0799999982, -0.0716666654
    721, 0.0766666681, -0.0716666654
    722, 0.0733333305, -0.0716666654
    723, 0.0700000003, -0.0716666654
    724, 0.0666666701, -0.0716666654
    725, 0.0633333325, -0.0716666654
    726, 0.0599999987, -0.0716666654
    727, 0.0566666685, -0.0716666654
    728, 0.0533333346, -0.0716666654
    729, 0.0500000007, -0.0716666654
    730, 0.0466666669, -0.0716666654
    731,  0.043333333, -0.0716666654
    732, 0.0399999991, -0.0716666654
    733, 0.0366666652, -0.0716666654
    734, 0.0333333351, -0.0716666654
    735, 0.0299999993, -0.0716666654
    736, 0.0266666673, -0.0716666654
    737, 0.0233333334, -0.0716666654
    738, 0.0199999996, -0.0716666654
    739, 0.0166666675, -0.0716666654
    740, 0.0133333337, -0.0716666654
    741, 0.00999999978, -0.0716666654
    742, 0.00666666683, -0.0716666654
    743, 0.00333333341, -0.0716666654
    744,           0., -0.0716666654
    745,  0.100000001, -0.075000003
    746, 0.0966666639, -0.075000003
    747, 0.0933333337, -0.075000003
    748, 0.0900000036, -0.075000003
    749,  0.086666666, -0.075000003
    750, 0.0833333358, -0.075000003
    751, 0.0799999982, -0.075000003
    752, 0.0766666681, -0.075000003
    753, 0.0733333305, -0.075000003
    754, 0.0700000003, -0.075000003
    755, 0.0666666701, -0.075000003
    756, 0.0633333325, -0.075000003
    757, 0.0599999987, -0.075000003
    758, 0.0566666685, -0.075000003
    759, 0.0533333346, -0.075000003
    760, 0.0500000007, -0.075000003
    761, 0.0466666669, -0.075000003
    762,  0.043333333, -0.075000003
    763, 0.0399999991, -0.075000003
    764, 0.0366666652, -0.075000003
    765, 0.0333333351, -0.075000003
    766, 0.0299999993, -0.075000003
    767, 0.0266666673, -0.075000003
    768, 0.0233333334, -0.075000003
    769, 0.0199999996, -0.075000003
    770, 0.0166666675, -0.075000003
    771, 0.0133333337, -0.075000003
    772, 0.00999999978, -0.075000003
    773, 0.00666666683, -0.075000003
    774, 0.00333333341, -0.075000003
    775,           0., -0.075000003
    776,  0.100000001, -0.0783333331
    777, 0.0966666639, -0.0783333331
    778, 0.0933333337, -0.0783333331
    779, 0.0900000036, -0.0783333331
    780,  0.086666666, -0.0783333331
    781, 0.0833333358, -0.0783333331
    782, 0.0799999982, -0.0783333331
    783, 0.0766666681, -0.0783333331
    784, 0.0733333305, -0.0783333331
    785, 0.0700000003, -0.0783333331
    786, 0.0666666701, -0.0783333331
    787, 0.0633333325, -0.0783333331
    788, 0.0599999987, -0.0783333331
    789, 0.0566666685, -0.0783333331
    790, 0.0533333346, -0.0783333331
    791, 0.0500000007, -0.0783333331
    792, 0.0466666669, -0.0783333331
    793,  0.043333333, -0.0783333331
    794, 0.0399999991, -0.0783333331
    795, 0.0366666652, -0.0783333331
    796, 0.0333333351, -0.0783333331
    797, 0.0299999993, -0.0783333331
    798, 0.0266666673, -0.0783333331
    799, 0.0233333334, -0.0783333331
    800, 0.0199999996, -0.0783333331
    801, 0.0166666675, -0.0783333331
    802, 0.0133333337, -0.0783333331
    803, 0.00999999978, -0.0783333331
    804, 0.00666666683, -0.0783333331
    805, 0.00333333341, -0.0783333331
    806,           0., -0.0783333331
    807,  0.100000001, -0.0816666633
    808, 0.0966666639, -0.0816666633
    809, 0.0933333337, -0.0816666633
    810, 0.0900000036, -0.0816666633
    811,  0.086666666, -0.0816666633
    812, 0.0833333358, -0.0816666633
    813, 0.0799999982, -0.0816666633
    814, 0.0766666681, -0.0816666633
    815, 0.0733333305, -0.0816666633
    816, 0.0700000003, -0.0816666633
    817, 0.0666666701, -0.0816666633
    818, 0.0633333325, -0.0816666633
    819, 0.0599999987, -0.0816666633
    820, 0.0566666685, -0.0816666633
    821, 0.0533333346, -0.0816666633
    822, 0.0500000007, -0.0816666633
    823, 0.0466666669, -0.0816666633
    824,  0.043333333, -0.0816666633
    825, 0.0399999991, -0.0816666633
    826, 0.0366666652, -0.0816666633
    827, 0.0333333351, -0.0816666633
    828, 0.0299999993, -0.0816666633
    829, 0.0266666673, -0.0816666633
    830, 0.0233333334, -0.0816666633
    831, 0.0199999996, -0.0816666633
    832, 0.0166666675, -0.0816666633
    833, 0.0133333337, -0.0816666633
    834, 0.00999999978, -0.0816666633
    835, 0.00666666683, -0.0816666633
    836, 0.00333333341, -0.0816666633
    837,           0., -0.0816666633
    838,  0.100000001, -0.0850000009
    839, 0.0966666639, -0.0850000009
    840, 0.0933333337, -0.0850000009
    841, 0.0900000036, -0.0850000009
    842,  0.086666666, -0.0850000009
    843, 0.0833333358, -0.0850000009
    844, 0.0799999982, -0.0850000009
    845, 0.0766666681, -0.0850000009
    846, 0.0733333305, -0.0850000009
    847, 0.0700000003, -0.0850000009
    848, 0.0666666701, -0.0850000009
    849, 0.0633333325, -0.0850000009
    850, 0.0599999987, -0.0850000009
    851, 0.0566666685, -0.0850000009
    852, 0.0533333346, -0.0850000009
    853, 0.0500000007, -0.0850000009
    854, 0.0466666669, -0.0850000009
    855,  0.043333333, -0.0850000009
    856, 0.0399999991, -0.0850000009
    857, 0.0366666652, -0.0850000009
    858, 0.0333333351, -0.0850000009
    859, 0.0299999993, -0.0850000009
    860, 0.0266666673, -0.0850000009
    861, 0.0233333334, -0.0850000009
    862, 0.0199999996, -0.0850000009
    863, 0.0166666675, -0.0850000009
    864, 0.0133333337, -0.0850000009
    865, 0.00999999978, -0.0850000009
    866, 0.00666666683, -0.0850000009
    867, 0.00333333341, -0.0850000009
    868,           0., -0.0850000009
    869,  0.100000001, -0.088333331
    870, 0.0966666639, -0.088333331
    871, 0.0933333337, -0.088333331
    872, 0.0900000036, -0.088333331
    873,  0.086666666, -0.088333331
    874, 0.0833333358, -0.088333331
    875, 0.0799999982, -0.088333331
    876, 0.0766666681, -0.088333331
    877, 0.0733333305, -0.088333331
    878, 0.0700000003, -0.088333331
    879, 0.0666666701, -0.088333331
    880, 0.0633333325, -0.088333331
    881, 0.0599999987, -0.088333331
    882, 0.0566666685, -0.088333331
    883, 0.0533333346, -0.088333331
    884, 0.0500000007, -0.088333331
    885, 0.0466666669, -0.088333331
    886,  0.043333333, -0.088333331
    887, 0.0399999991, -0.088333331
    888, 0.0366666652, -0.088333331
    889, 0.0333333351, -0.088333331
    890, 0.0299999993, -0.088333331
    891, 0.0266666673, -0.088333331
    892, 0.0233333334, -0.088333331
    893, 0.0199999996, -0.088333331
    894, 0.0166666675, -0.088333331
    895, 0.0133333337, -0.088333331
    896, 0.00999999978, -0.088333331
    897, 0.00666666683, -0.088333331
    898, 0.00333333341, -0.088333331
    899,           0., -0.088333331
    900,  0.100000001, -0.0916666687
    901, 0.0966666639, -0.0916666687
    902, 0.0933333337, -0.0916666687
    903, 0.0900000036, -0.0916666687
    904,  0.086666666, -0.0916666687
    905, 0.0833333358, -0.0916666687
    906, 0.0799999982, -0.0916666687
    907, 0.0766666681, -0.0916666687
    908, 0.0733333305, -0.0916666687
    909, 0.0700000003, -0.0916666687
    910, 0.0666666701, -0.0916666687
    911, 0.0633333325, -0.0916666687
    912, 0.0599999987, -0.0916666687
    913, 0.0566666685, -0.0916666687
    914, 0.0533333346, -0.0916666687
    915, 0.0500000007, -0.0916666687
    916, 0.0466666669, -0.0916666687
    917,  0.043333333, -0.0916666687
    918, 0.0399999991, -0.0916666687
    919, 0.0366666652, -0.0916666687
    920, 0.0333333351, -0.0916666687
    921, 0.0299999993, -0.0916666687
    922, 0.0266666673, -0.0916666687
    923, 0.0233333334, -0.0916666687
    924, 0.0199999996, -0.0916666687
    925, 0.0166666675, -0.0916666687
    926, 0.0133333337, -0.0916666687
    927, 0.00999999978, -0.0916666687
    928, 0.00666666683, -0.0916666687
    929, 0.00333333341, -0.0916666687
    930,           0., -0.0916666687
    931,  0.100000001, -0.0949999988
    932, 0.0966666639, -0.0949999988
    933, 0.0933333337, -0.0949999988
    934, 0.0900000036, -0.0949999988
    935,  0.086666666, -0.0949999988
    936, 0.0833333358, -0.0949999988
    937, 0.0799999982, -0.0949999988
    938, 0.0766666681, -0.0949999988
    939, 0.0733333305, -0.0949999988
    940, 0.0700000003, -0.0949999988
    941, 0.0666666701, -0.0949999988
    942, 0.0633333325, -0.0949999988
    943, 0.0599999987, -0.0949999988
    944, 0.0566666685, -0.0949999988
    945, 0.0533333346, -0.0949999988
    946, 0.0500000007, -0.0949999988
    947, 0.0466666669, -0.0949999988
    948,  0.043333333, -0.0949999988
    949, 0.0399999991, -0.0949999988
    950, 0.0366666652, -0.0949999988
    951, 0.0333333351, -0.0949999988
    952, 0.0299999993, -0.0949999988
    953, 0.0266666673, -0.0949999988
    954, 0.0233333334, -0.0949999988
    955, 0.0199999996, -0.0949999988
    956, 0.0166666675, -0.0949999988
    957, 0.0133333337, -0.0949999988
    958, 0.00999999978, -0.0949999988
    959, 0.00666666683, -0.0949999988
    960, 0.00333333341, -0.0949999988
    961,           0., -0.0949999988
